109   109   124
147   181   179
24    57    24    39    49    62    57    67    42    56    6823    15    57    55    51    48    71   122   153   159   152
18    51    80    88   100    18    33    43    56    73    70    7214     6    18    26    22    48    46    42    39    41    50    53
7    15    20    15    34    36    37    44    52    64    73    84    82177   141   174   197   185   188   176   154   161   157   175   186   153
2    19    16    18    19    11    19    26    34    46    42    48    5389    91    99   103   139   156   163    68    76    72   163   142   167
17    25    37    55    64    79    88   10237    45    41    37    47    29    50    37
5    14    23     8    16    23    24    14    14    23    10     355    33    43    84    66    60    90   104   122   122   133   132
9    23    47    33    39    28    17     9129   111   119   132   158   147   146   146
39    15    25    31    20    10    30    27    21    34     9     6     338    30    51    77    65    65   155   165   194   282   257   236   170
6    48    45    39    21    15     54    21    31    60    36    49    30
50    66    56    40    11    11    34    46    52    56    68    61    51    39    39    25    10    3410    16    30    33    30    54    54    58    59    48    91   104    85    104    90    84    90    54
59    88   104   104   101    93    82    59    47    22    36    48    58    73     8710    13    10    28    39    38    34    34    34    65    71    64    70    64     7052    64    78    63    53    41    27    18    30    65    73    47    30    21     1915    15    45    50    45    52    46    87   100   126   177   164   156    179    151
37    42    14    35   115   129   105   117    52
4    21    34    45    27    34    69    81    8995    83    69    60    72    89    72    63    45    22     6
34    41    35    77    90   153   145   168   128   129    97
23    89   152   182   210   185   170   150   124    39    62    89    106    132   153   170   210   208   179   118    8121    13    27    31    76    52    43    36    39    52    52    69    77     90    94    77    76   128   121   132    92
14    26    26    17    11    43    61    55    64    69    84   103    86    91    87    89   107   106   117   122   119
18    30    86   108   176    94    56   149   214   108   200   231   158    112    53    44    60    94   138    69    48
12    29    55    76    92   108    93   133   102    72    40   131    50    69    89    110    143    255    267    251    265
29    37    50    54    37    12    3    36    81   102    92    88   157    143     174    144    137    101    121    141    167
21    50    29    62    8    66    75    136    184    170    186    173
33    40    96    89    126    136     135     160    119    94    73    53
18    39    82   114   145   173   185   152   111    92   131   188   19849    50    23    33    12    19    68    75    74    88   105   115   114